{
 "cells": [
  {
   "cell_type": "code",
   "execution_count": 1,
   "metadata": {},
   "outputs": [],
   "source": [
    "import numpy as np\n",
    "from numpy import linalg as LA"
   ]
  },
  {
   "cell_type": "code",
   "execution_count": 3,
   "metadata": {},
   "outputs": [
    {
     "name": "stdout",
     "output_type": "stream",
     "text": [
      "[[0.62430146 0.56217933 0.76794541]\n",
      " [0.05868136 0.99882148 0.066251  ]\n",
      " [0.42926049 0.2958087  0.80455664]]\n"
     ]
    }
   ],
   "source": [
    "A = np.random.rand(3,3)\n",
    "print(A)"
   ]
  },
  {
   "cell_type": "code",
   "execution_count": 4,
   "metadata": {},
   "outputs": [
    {
     "data": {
      "text/plain": [
       "numpy.ndarray"
      ]
     },
     "execution_count": 4,
     "metadata": {},
     "output_type": "execute_result"
    }
   ],
   "source": [
    "type(A)"
   ]
  },
  {
   "cell_type": "code",
   "execution_count": 5,
   "metadata": {},
   "outputs": [
    {
     "data": {
      "text/plain": [
       "(3, 3)"
      ]
     },
     "execution_count": 5,
     "metadata": {},
     "output_type": "execute_result"
    }
   ],
   "source": [
    "A.shape"
   ]
  },
  {
   "cell_type": "code",
   "execution_count": 6,
   "metadata": {},
   "outputs": [
    {
     "data": {
      "text/plain": [
       "0.16297522978169404"
      ]
     },
     "execution_count": 6,
     "metadata": {},
     "output_type": "execute_result"
    }
   ],
   "source": [
    "LA.det(A)"
   ]
  },
  {
   "cell_type": "code",
   "execution_count": 7,
   "metadata": {},
   "outputs": [],
   "source": [
    "invA = LA.inv(A)"
   ]
  },
  {
   "cell_type": "code",
   "execution_count": 8,
   "metadata": {},
   "outputs": [
    {
     "name": "stdout",
     "output_type": "stream",
     "text": [
      "[[ 4.8106134  -1.38143801 -4.47795305]\n",
      " [-0.11519261  1.05928527  0.02272423]\n",
      " [-2.52428627  0.34758393  3.62371789]]\n"
     ]
    }
   ],
   "source": [
    "print(invA)"
   ]
  },
  {
   "cell_type": "code",
   "execution_count": 9,
   "metadata": {},
   "outputs": [
    {
     "data": {
      "text/plain": [
       "array([[ 1.00000000e+00,  3.55001404e-17,  1.29674771e-16],\n",
       "       [-3.32762213e-17,  1.00000000e+00,  2.31539155e-17],\n",
       "       [ 3.56675647e-16,  2.24711136e-17,  1.00000000e+00]])"
      ]
     },
     "execution_count": 9,
     "metadata": {},
     "output_type": "execute_result"
    }
   ],
   "source": [
    "A.dot(invA)"
   ]
  },
  {
   "cell_type": "code",
   "execution_count": 10,
   "metadata": {},
   "outputs": [
    {
     "data": {
      "text/plain": [
       "array([[0.62430146, 0.56217933, 0.76794541],\n",
       "       [0.05868136, 0.99882148, 0.066251  ],\n",
       "       [0.42926049, 0.2958087 , 0.80455664]])"
      ]
     },
     "execution_count": 10,
     "metadata": {},
     "output_type": "execute_result"
    }
   ],
   "source": [
    "A"
   ]
  },
  {
   "cell_type": "code",
   "execution_count": 11,
   "metadata": {},
   "outputs": [],
   "source": [
    "LA.svd?"
   ]
  },
  {
   "cell_type": "code",
   "execution_count": 12,
   "metadata": {},
   "outputs": [],
   "source": [
    "U,D,VT = LA.svd(A)"
   ]
  },
  {
   "cell_type": "code",
   "execution_count": 13,
   "metadata": {},
   "outputs": [
    {
     "data": {
      "text/plain": [
       "array([[1.00000000e+00, 2.01614298e-16, 4.64602660e-16],\n",
       "       [2.01614298e-16, 1.00000000e+00, 2.27724578e-16],\n",
       "       [4.64602660e-16, 2.27724578e-16, 1.00000000e+00]])"
      ]
     },
     "execution_count": 13,
     "metadata": {},
     "output_type": "execute_result"
    }
   ],
   "source": [
    "U.dot(U.T)"
   ]
  },
  {
   "cell_type": "code",
   "execution_count": 15,
   "metadata": {},
   "outputs": [
    {
     "data": {
      "text/plain": [
       "array([[ 1.00000000e+00,  5.91147659e-17, -1.43272968e-17],\n",
       "       [ 5.91147659e-17,  1.00000000e+00, -9.58729150e-17],\n",
       "       [-1.43272968e-17, -9.58729150e-17,  1.00000000e+00]])"
      ]
     },
     "execution_count": 15,
     "metadata": {},
     "output_type": "execute_result"
    }
   ],
   "source": [
    "VT.dot(VT.T)"
   ]
  },
  {
   "cell_type": "code",
   "execution_count": 16,
   "metadata": {},
   "outputs": [
    {
     "data": {
      "text/plain": [
       "array([1.5917992 , 0.81892519, 0.12502276])"
      ]
     },
     "execution_count": 16,
     "metadata": {},
     "output_type": "execute_result"
    }
   ],
   "source": [
    "D"
   ]
  },
  {
   "cell_type": "code",
   "execution_count": 17,
   "metadata": {},
   "outputs": [
    {
     "data": {
      "text/plain": [
       "(3,)"
      ]
     },
     "execution_count": 17,
     "metadata": {},
     "output_type": "execute_result"
    }
   ],
   "source": [
    "D.shape"
   ]
  },
  {
   "cell_type": "code",
   "execution_count": 18,
   "metadata": {},
   "outputs": [],
   "source": [
    "A = np.array([[1,0,0],[0,1,0],[0,0,0]])"
   ]
  },
  {
   "cell_type": "code",
   "execution_count": 19,
   "metadata": {},
   "outputs": [
    {
     "data": {
      "text/plain": [
       "array([[1, 0, 0],\n",
       "       [0, 1, 0],\n",
       "       [0, 0, 0]])"
      ]
     },
     "execution_count": 19,
     "metadata": {},
     "output_type": "execute_result"
    }
   ],
   "source": [
    "A"
   ]
  },
  {
   "cell_type": "code",
   "execution_count": 20,
   "metadata": {},
   "outputs": [],
   "source": [
    "b = np.array([0,0,1])"
   ]
  },
  {
   "cell_type": "code",
   "execution_count": 22,
   "metadata": {},
   "outputs": [
    {
     "name": "stderr",
     "output_type": "stream",
     "text": [
      "C:\\Users\\DeLL\\anaconda3\\lib\\site-packages\\ipykernel_launcher.py:1: FutureWarning: `rcond` parameter will change to the default of machine precision times ``max(M, N)`` where M and N are the input matrix dimensions.\n",
      "To use the future default and silence this warning we advise to pass `rcond=None`, to keep using the old, explicitly pass `rcond=-1`.\n",
      "  \"\"\"Entry point for launching an IPython kernel.\n"
     ]
    },
    {
     "data": {
      "text/plain": [
       "(array([0., 0., 0.]), array([], dtype=float64), 2, array([1., 1., 0.]))"
      ]
     },
     "execution_count": 22,
     "metadata": {},
     "output_type": "execute_result"
    }
   ],
   "source": [
    "LA.lstsq(A,b)"
   ]
  },
  {
   "cell_type": "code",
   "execution_count": 23,
   "metadata": {},
   "outputs": [
    {
     "data": {
      "text/plain": [
       "0.0"
      ]
     },
     "execution_count": 23,
     "metadata": {},
     "output_type": "execute_result"
    }
   ],
   "source": [
    "LA.det(A)"
   ]
  },
  {
   "cell_type": "code",
   "execution_count": 24,
   "metadata": {},
   "outputs": [
    {
     "ename": "LinAlgError",
     "evalue": "Singular matrix",
     "output_type": "error",
     "traceback": [
      "\u001b[1;31m--------------------------------------------------------------------------\u001b[0m",
      "\u001b[1;31mLinAlgError\u001b[0m                              Traceback (most recent call last)",
      "\u001b[1;32m<ipython-input-24-cdc1a1e7d8dc>\u001b[0m in \u001b[0;36m<module>\u001b[1;34m\u001b[0m\n\u001b[1;32m----> 1\u001b[1;33m \u001b[0mLA\u001b[0m\u001b[1;33m.\u001b[0m\u001b[0minv\u001b[0m\u001b[1;33m(\u001b[0m\u001b[0mA\u001b[0m\u001b[1;33m)\u001b[0m\u001b[1;33m\u001b[0m\u001b[1;33m\u001b[0m\u001b[0m\n\u001b[0m",
      "\u001b[1;32m<__array_function__ internals>\u001b[0m in \u001b[0;36minv\u001b[1;34m(*args, **kwargs)\u001b[0m\n",
      "\u001b[1;32m~\\anaconda3\\lib\\site-packages\\numpy\\linalg\\linalg.py\u001b[0m in \u001b[0;36minv\u001b[1;34m(a)\u001b[0m\n\u001b[0;32m    545\u001b[0m     \u001b[0msignature\u001b[0m \u001b[1;33m=\u001b[0m \u001b[1;34m'D->D'\u001b[0m \u001b[1;32mif\u001b[0m \u001b[0misComplexType\u001b[0m\u001b[1;33m(\u001b[0m\u001b[0mt\u001b[0m\u001b[1;33m)\u001b[0m \u001b[1;32melse\u001b[0m \u001b[1;34m'd->d'\u001b[0m\u001b[1;33m\u001b[0m\u001b[1;33m\u001b[0m\u001b[0m\n\u001b[0;32m    546\u001b[0m     \u001b[0mextobj\u001b[0m \u001b[1;33m=\u001b[0m \u001b[0mget_linalg_error_extobj\u001b[0m\u001b[1;33m(\u001b[0m\u001b[0m_raise_linalgerror_singular\u001b[0m\u001b[1;33m)\u001b[0m\u001b[1;33m\u001b[0m\u001b[1;33m\u001b[0m\u001b[0m\n\u001b[1;32m--> 547\u001b[1;33m     \u001b[0mainv\u001b[0m \u001b[1;33m=\u001b[0m \u001b[0m_umath_linalg\u001b[0m\u001b[1;33m.\u001b[0m\u001b[0minv\u001b[0m\u001b[1;33m(\u001b[0m\u001b[0ma\u001b[0m\u001b[1;33m,\u001b[0m \u001b[0msignature\u001b[0m\u001b[1;33m=\u001b[0m\u001b[0msignature\u001b[0m\u001b[1;33m,\u001b[0m \u001b[0mextobj\u001b[0m\u001b[1;33m=\u001b[0m\u001b[0mextobj\u001b[0m\u001b[1;33m)\u001b[0m\u001b[1;33m\u001b[0m\u001b[1;33m\u001b[0m\u001b[0m\n\u001b[0m\u001b[0;32m    548\u001b[0m     \u001b[1;32mreturn\u001b[0m \u001b[0mwrap\u001b[0m\u001b[1;33m(\u001b[0m\u001b[0mainv\u001b[0m\u001b[1;33m.\u001b[0m\u001b[0mastype\u001b[0m\u001b[1;33m(\u001b[0m\u001b[0mresult_t\u001b[0m\u001b[1;33m,\u001b[0m \u001b[0mcopy\u001b[0m\u001b[1;33m=\u001b[0m\u001b[1;32mFalse\u001b[0m\u001b[1;33m)\u001b[0m\u001b[1;33m)\u001b[0m\u001b[1;33m\u001b[0m\u001b[1;33m\u001b[0m\u001b[0m\n\u001b[0;32m    549\u001b[0m \u001b[1;33m\u001b[0m\u001b[0m\n",
      "\u001b[1;32m~\\anaconda3\\lib\\site-packages\\numpy\\linalg\\linalg.py\u001b[0m in \u001b[0;36m_raise_linalgerror_singular\u001b[1;34m(err, flag)\u001b[0m\n\u001b[0;32m     95\u001b[0m \u001b[1;33m\u001b[0m\u001b[0m\n\u001b[0;32m     96\u001b[0m \u001b[1;32mdef\u001b[0m \u001b[0m_raise_linalgerror_singular\u001b[0m\u001b[1;33m(\u001b[0m\u001b[0merr\u001b[0m\u001b[1;33m,\u001b[0m \u001b[0mflag\u001b[0m\u001b[1;33m)\u001b[0m\u001b[1;33m:\u001b[0m\u001b[1;33m\u001b[0m\u001b[1;33m\u001b[0m\u001b[0m\n\u001b[1;32m---> 97\u001b[1;33m     \u001b[1;32mraise\u001b[0m \u001b[0mLinAlgError\u001b[0m\u001b[1;33m(\u001b[0m\u001b[1;34m\"Singular matrix\"\u001b[0m\u001b[1;33m)\u001b[0m\u001b[1;33m\u001b[0m\u001b[1;33m\u001b[0m\u001b[0m\n\u001b[0m\u001b[0;32m     98\u001b[0m \u001b[1;33m\u001b[0m\u001b[0m\n\u001b[0;32m     99\u001b[0m \u001b[1;32mdef\u001b[0m \u001b[0m_raise_linalgerror_nonposdef\u001b[0m\u001b[1;33m(\u001b[0m\u001b[0merr\u001b[0m\u001b[1;33m,\u001b[0m \u001b[0mflag\u001b[0m\u001b[1;33m)\u001b[0m\u001b[1;33m:\u001b[0m\u001b[1;33m\u001b[0m\u001b[1;33m\u001b[0m\u001b[0m\n",
      "\u001b[1;31mLinAlgError\u001b[0m: Singular matrix"
     ]
    }
   ],
   "source": [
    "LA.inv(A)"
   ]
  },
  {
   "cell_type": "code",
   "execution_count": 25,
   "metadata": {},
   "outputs": [
    {
     "data": {
      "text/plain": [
       "array([[1., 0., 0.],\n",
       "       [0., 1., 0.],\n",
       "       [0., 0., 0.]])"
      ]
     },
     "execution_count": 25,
     "metadata": {},
     "output_type": "execute_result"
    }
   ],
   "source": [
    "LA.pinv(A)"
   ]
  },
  {
   "cell_type": "code",
   "execution_count": 26,
   "metadata": {},
   "outputs": [
    {
     "data": {
      "text/plain": [
       "2"
      ]
     },
     "execution_count": 26,
     "metadata": {},
     "output_type": "execute_result"
    }
   ],
   "source": [
    "np.trace(A)"
   ]
  },
  {
   "cell_type": "code",
   "execution_count": 27,
   "metadata": {},
   "outputs": [],
   "source": [
    "A = np.random.rand(3,3)"
   ]
  },
  {
   "cell_type": "code",
   "execution_count": 28,
   "metadata": {},
   "outputs": [
    {
     "data": {
      "text/plain": [
       "1.728055068605471"
      ]
     },
     "execution_count": 28,
     "metadata": {},
     "output_type": "execute_result"
    }
   ],
   "source": [
    "np.trace(A)"
   ]
  },
  {
   "cell_type": "code",
   "execution_count": 29,
   "metadata": {},
   "outputs": [
    {
     "data": {
      "text/plain": [
       "3.530201949626745"
      ]
     },
     "execution_count": 29,
     "metadata": {},
     "output_type": "execute_result"
    }
   ],
   "source": [
    "np.trace(A.dot(A.T))"
   ]
  },
  {
   "cell_type": "code",
   "execution_count": 30,
   "metadata": {},
   "outputs": [
    {
     "data": {
      "text/plain": [
       "3.5302019496267443"
      ]
     },
     "execution_count": 30,
     "metadata": {},
     "output_type": "execute_result"
    }
   ],
   "source": [
    "LA.norm(A,'fro')**2"
   ]
  },
  {
   "cell_type": "code",
   "execution_count": 31,
   "metadata": {},
   "outputs": [
    {
     "data": {
      "text/plain": [
       "3.5302019496267447"
      ]
     },
     "execution_count": 31,
     "metadata": {},
     "output_type": "execute_result"
    }
   ],
   "source": [
    "np.trace(A.T.dot(A))"
   ]
  },
  {
   "cell_type": "code",
   "execution_count": 32,
   "metadata": {},
   "outputs": [],
   "source": [
    "a,b = LA.eig(A)"
   ]
  },
  {
   "cell_type": "code",
   "execution_count": 33,
   "metadata": {},
   "outputs": [
    {
     "data": {
      "text/plain": [
       "array([-0.38141643,  1.30794722,  0.80152428])"
      ]
     },
     "execution_count": 33,
     "metadata": {},
     "output_type": "execute_result"
    }
   ],
   "source": [
    "a"
   ]
  },
  {
   "cell_type": "code",
   "execution_count": 34,
   "metadata": {},
   "outputs": [
    {
     "data": {
      "text/plain": [
       "array([[-0.69682625,  0.83225951, -0.90505328],\n",
       "       [ 0.7161843 ,  0.52001874, -0.31129776],\n",
       "       [-0.03890021,  0.1921578 ,  0.28977969]])"
      ]
     },
     "execution_count": 34,
     "metadata": {},
     "output_type": "execute_result"
    }
   ],
   "source": [
    "b"
   ]
  },
  {
   "cell_type": "code",
   "execution_count": 35,
   "metadata": {},
   "outputs": [],
   "source": [
    "B = A.T.dot(A)"
   ]
  },
  {
   "cell_type": "code",
   "execution_count": 37,
   "metadata": {},
   "outputs": [],
   "source": [
    "a,b = LA.eig(B)"
   ]
  },
  {
   "cell_type": "code",
   "execution_count": 38,
   "metadata": {},
   "outputs": [
    {
     "data": {
      "text/plain": [
       "array([2.69888634, 0.0787162 , 0.75259941])"
      ]
     },
     "execution_count": 38,
     "metadata": {},
     "output_type": "execute_result"
    }
   ],
   "source": [
    "a"
   ]
  },
  {
   "cell_type": "code",
   "execution_count": 39,
   "metadata": {},
   "outputs": [
    {
     "data": {
      "text/plain": [
       "array([[-0.42247772, -0.8451672 , -0.32742172],\n",
       "       [-0.46147983,  0.5114933 , -0.72485238],\n",
       "       [-0.78009547,  0.15513546,  0.60612213]])"
      ]
     },
     "execution_count": 39,
     "metadata": {},
     "output_type": "execute_result"
    }
   ],
   "source": [
    "b"
   ]
  },
  {
   "cell_type": "code",
   "execution_count": 40,
   "metadata": {},
   "outputs": [],
   "source": [
    "a,b = LA.eigh(B)"
   ]
  },
  {
   "cell_type": "code",
   "execution_count": 41,
   "metadata": {},
   "outputs": [
    {
     "data": {
      "text/plain": [
       "array([0.0787162 , 0.75259941, 2.69888634])"
      ]
     },
     "execution_count": 41,
     "metadata": {},
     "output_type": "execute_result"
    }
   ],
   "source": [
    "a"
   ]
  },
  {
   "cell_type": "code",
   "execution_count": 42,
   "metadata": {},
   "outputs": [
    {
     "data": {
      "text/plain": [
       "array([[ 0.8451672 ,  0.32742172,  0.42247772],\n",
       "       [-0.5114933 ,  0.72485238,  0.46147983],\n",
       "       [-0.15513546, -0.60612213,  0.78009547]])"
      ]
     },
     "execution_count": 42,
     "metadata": {},
     "output_type": "execute_result"
    }
   ],
   "source": [
    "b"
   ]
  },
  {
   "cell_type": "code",
   "execution_count": null,
   "metadata": {},
   "outputs": [],
   "source": []
  }
 ],
 "metadata": {
  "kernelspec": {
   "display_name": "Python 3",
   "language": "python",
   "name": "python3"
  },
  "language_info": {
   "codemirror_mode": {
    "name": "ipython",
    "version": 3
   },
   "file_extension": ".py",
   "mimetype": "text/x-python",
   "name": "python",
   "nbconvert_exporter": "python",
   "pygments_lexer": "ipython3",
   "version": "3.7.6"
  }
 },
 "nbformat": 4,
 "nbformat_minor": 4
}
